count
3      1281
4       645
5       390
6       264
7       185
8       135
9       125
10       70
11       58
12       63
13       39
14       34
15       22
16       22
17       27
18       10
19       14
20       14
21       12
22        9
23       11
24        6
25        9
26        5
27        9
28        3
29        2
30        4
31        7
32        1
33        1
34        3
35        3
36        5
37        1
38        4
39        1
40        1
41        1
42        2
43        1
44        1
45        1
46        2
49        1
51        2
52        2
54        1
55        1
59        1
68        1
69        1
74        1
75        1
78        1
85        1
90        1
95        1
97        1
110       1
111       1
112       1
120       1
132       1
170       1
179       1
194       1
199       1
214       1
273       1
382       1
385       1